[20, 12]
[20, 3]
[20, 22]
[20, 17]
[20, 9]
[20, 4]
[20, 11]
[20, 21]
[20, 25]
[20, 16]
[20, 0]
[20, 23]
[20, 15]
[14, 12]
[14, 3]
[14, 22]
[14, 17]
[14, 9]
[14, 4]
[14, 11]
[14, 21]
[14, 25]
[14, 16]
[14, 0]
[14, 23]
[14, 15]
[1, 12]
[1, 3]
[1, 22]
[1, 17]
[1, 9]
[1, 4]
[1, 11]
[1, 21]
[1, 25]
[1, 16]
[1, 0]
[1, 23]
[1, 15]
[13, 12]
[13, 3]
[13, 22]
[13, 17]
[13, 9]
[13, 4]
[13, 11]
[13, 21]
[13, 25]
[13, 16]
[13, 0]
[13, 23]
[13, 15]
[5, 12]
[5, 3]
[5, 22]
[5, 17]
[5, 9]
[5, 4]
[5, 11]
[5, 21]
[5, 25]
[5, 16]
[5, 0]
[5, 23]
[5, 15]
[6, 12]
[6, 3]
[6, 22]
[6, 17]
[6, 9]
[6, 4]
[6, 11]
[6, 21]
[6, 25]
[6, 16]
[6, 0]
[6, 23]
[6, 15]
[7, 12]
[7, 3]
[7, 22]
[7, 17]
[7, 9]
[7, 4]
[7, 11]
[7, 21]
[7, 25]
[7, 16]
[7, 0]
[7, 23]
[7, 15]
[10, 12]
[10, 3]
[10, 22]
[10, 17]
[10, 9]
[10, 4]
[10, 11]
[10, 21]
[10, 25]
[10, 16]
[10, 0]
[10, 23]
[10, 15]
[2, 12]
[2, 3]
[2, 22]
[2, 17]
[2, 9]
[2, 4]
[2, 11]
[2, 21]
[2, 25]
[2, 16]
[2, 0]
[2, 23]
[2, 15]
[8, 12]
[8, 3]
[8, 22]
[8, 17]
[8, 9]
[8, 4]
[8, 11]
[8, 21]
[8, 25]
[8, 16]
[8, 0]
[8, 23]
[8, 15]
[18, 12]
[18, 3]
[18, 22]
[18, 17]
[18, 9]
[18, 4]
[18, 11]
[18, 21]
[18, 25]
[18, 16]
[18, 0]
[18, 23]
[18, 15]
[19, 12]
[19, 3]
[19, 22]
[19, 17]
[19, 9]
[19, 4]
[19, 11]
[19, 21]
[19, 25]
[19, 16]
[19, 0]
[19, 23]
[19, 15]
[24, 12]
[24, 3]
[24, 22]
[24, 17]
[24, 9]
[24, 4]
[24, 11]
[24, 21]
[24, 25]
[24, 16]
[24, 0]
[24, 23]
[24, 15]
